28 119.0
28 483.0
28 910.0
28 1341.0
28 995.0
28 66.0
28 453.0
28 2260.0
28 2526.0
28 3954.0
28 3486.0
28 1756.0
28 4008.0
28 2230.0
28 166.0
28 115.0
28 159.0
28 3420.0
28 2083.0
28 2472.0
28 2115.0
28 2136.0
28 837.0
28 414.0
28 116.0
28 57.0
28 105.0
28 32.0
28 1252.0
28 2021.0
28 1683.0
28 2455.0
28 1373.0
28 128.0
28 51.0
28 66.0
28 47.0
28 506.0
28 1062.0
28 1242.0
28 358.0
24 199.0
24 101.0
24 3585.0
28 7.0
28 8.0
28 698.0
28 699.0
24 8.0
24 16.0
28 199.0
24 47.0
24 18.0
28 172.0
28 107.0
24 34.0
28 44.0
24 8.0
24 16.0
28 151.0
24 16.0
24 32.0
28 151.0
24 16.0
24 32.0
28 151.0
24 16.0
24 32.0
24 56.0
28 226.0
24 82.0
24 56.0
28 226.0
24 82.0
24 56.0
28 226.0
24 82.0
24 56.0
28 226.0
24 82.0
28 151.0
28 40.0
24 20.0
24 56.0
28 226.0
24 82.0
28 44.0
24 8.0
24 16.0
28 151.0
28 40.0
24 20.0
24 56.0
28 226.0
24 82.0
28 151.0
28 40.0
24 20.0
28 151.0
28 40.0
24 20.0
28 154.0
28 34.0
28 237.0
24 22.0
24 34.0
28 76.0
28 24.0
24 16.0
28 154.0
28 34.0
28 154.0
28 34.0
28 151.0
24 16.0
24 32.0
24 56.0
28 226.0
24 82.0
28 199.0
24 47.0
24 18.0
28 340.0
24 28.0
24 144.0
32 135.0
24 48.0
32 135.0
24 48.0
32 135.0
24 48.0
32 135.0
24 48.0
32 135.0
24 48.0
28 178.0
24 22.0
24 8.0
28 178.0
24 22.0
24 8.0
28 190.0
28 190.0
28 190.0
28 190.0
28 56.0
28 56.0
28 56.0
28 154.0
32 91.0
32 91.0
32 91.0
32 91.0
32 91.0
32 91.0
32 91.0
32 91.0
32 91.0
32 91.0
32 91.0
32 91.0
32 91.0
32 61.0
32 91.0
32 91.0
32 91.0
32 91.0
32 91.0
32 91.0
32 91.0
32 91.0
32 91.0
32 91.0
32 91.0
32 91.0
32 91.0
32 91.0
32 91.0
32 91.0
32 91.0
32 91.0
32 91.0
32 91.0
32 91.0
32 91.0
32 91.0
32 70.0
32 91.0
32 91.0
32 91.0
32 91.0
32 91.0
32 91.0
32 91.0
32 91.0
28 192.0
28 188.0
28 192.0
28 384.0
28 192.0
28 192.0
28 192.0
28 192.0
28 144.0
28 192.0
28 312.0
28 384.0
28 384.0
28 192.0
28 384.0
28 192.0
28 384.0
28 384.0
28 384.0
28 576.0
28 192.0
28 192.0
28 380.0
28 384.0
28 768.0
28 360.0
28 384.0
28 192.0
28 192.0
28 122.0
24 16.0
28 154.0
28 34.0
28 44.0
32 138.0
24 24.0
24 40.0
32 138.0
24 24.0
24 40.0
32 138.0
24 24.0
24 40.0
32 138.0
24 24.0
24 40.0
32 138.0
24 24.0
24 40.0
32 138.0
24 24.0
24 40.0
32 138.0
24 24.0
24 40.0
32 138.0
24 24.0
24 40.0
32 138.0
24 24.0
24 40.0
32 138.0
24 24.0
24 40.0
32 138.0
24 24.0
24 40.0
32 138.0
24 24.0
24 40.0
32 138.0
24 24.0
24 40.0
32 138.0
24 24.0
24 40.0
32 138.0
24 24.0
24 40.0
32 138.0
24 24.0
24 40.0
32 138.0
24 24.0
24 40.0
32 138.0
24 24.0
24 40.0
32 138.0
24 24.0
24 40.0
32 138.0
24 24.0
24 40.0
32 138.0
24 24.0
24 40.0
28 4562.0
24 125.0
24 56.0
24 168.0
28 84.0
32 27.0
32 107.0
32 72.0
32 26.0
32 1955.0
32 6.0
24 16.0
24 30.0
24 24.0
32 107.0
32 72.0
32 26.0
32 1955.0
32 6.0
24 16.0
24 30.0
24 24.0
28 135.0
28 203.0
32 491.0
28 135.0
28 203.0
32 491.0
32 52.0
32 52.0
32 346.0
32 160.0
24 64.0
24 12.0
24 24.0
24 24.0
24 16.0
24 25.0
24 40.0
24 40.0
24 40.0
28 805.0
32 1243.0
32 156.0
32 54.0
24 8.0
28 1181.0
28 8.0
24 16.0
24 32.0
28 984.0
28 854.0
28 250.0
28 48.0
28 12.0
28 92.0
24 32.0
32 186.0
32 64.0
32 127.0
32 48.0
32 72.0
32 44.0
32 44.0
32 96.0
32 364.0
32 361.0
32 104.0
32 414.0
32 36.0
28 9.0
28 483.0
28 4.0
28 804.0
28 40.0
28 4.0
28 22.0
28 76.0
28 17.0
28 12.0
28 248.0
28 1082.0
32 290.0
28 44.0
32 171.0
32 512.0
32 91.0
32 64.0
32 91.0
32 64.0
32 91.0
32 64.0
32 20.0
32 8.0
32 20.0
32 8.0
32 20.0
32 8.0
32 20.0
32 8.0
32 1250.0
32 616.0
32 28.0
32 28.0
32 28.0
32 28.0
32 28.0
32 28.0
32 28.0
32 28.0
32 28.0
32 28.0
32 28.0
32 28.0
32 28.0
32 28.0
32 28.0
32 28.0
32 8.0
32 28.0
32 28.0
32 28.0
32 28.0
32 28.0
32 28.0
32 28.0
32 28.0
32 28.0
32 28.0
32 28.0
32 28.0
32 28.0
32 28.0
32 8.0
32 8.0
32 8.0
32 8.0
32 8.0
32 8.0
32 8.0
32 8.0
32 8.0
32 8.0
32 28.0
32 28.0
32 28.0
32 28.0
32 28.0
32 28.0
32 28.0
32 28.0
32 28.0
32 28.0
32 28.0
32 8.0
32 28.0
32 28.0
32 28.0
32 28.0
32 8.0
32 8.0
32 8.0
32 8.0
32 28.0
32 28.0
32 28.0
32 28.0
32 28.0
32 28.0
32 8.0
32 8.0
32 8.0
32 8.0
32 28.0
32 28.0
32 28.0
32 28.0
32 28.0
32 28.0
32 78.0
32 25.0
32 12.0
32 12.0
32 12.0
32 12.0
32 12.0
32 14.0
32 12.0
32 14.0
32 14.0
32 14.0
32 12.0
32 25.0
32 78.0
32 27.0
32 27.0
32 14.0
32 12.0
32 18.0
32 18.0
28 668.0
24 16.0
28 668.0
24 16.0
28 668.0
24 16.0
28 668.0
24 16.0
28 668.0
24 16.0
28 668.0
24 16.0
28 668.0
24 16.0
28 668.0
24 16.0
28 668.0
24 16.0
28 668.0
24 16.0
28 668.0
24 16.0
28 668.0
24 16.0
28 668.0
24 16.0
28 668.0
24 16.0
28 668.0
24 16.0
28 668.0
24 16.0
28 668.0
24 16.0
28 668.0
24 16.0
28 668.0
24 16.0
28 668.0
24 16.0
28 668.0
24 16.0
28 668.0
24 16.0
28 668.0
24 16.0
28 668.0
24 16.0
28 668.0
24 16.0
28 668.0
24 16.0
28 668.0
24 16.0
28 90.0
28 76.0
24 30.0
24 34.0
24 38.0
24 48.0
24 54.0
24 22.0
24 24.0
32 64.0
32 64.0
32 64.0
28 24.0
28 168.0
28 135.0
24 40.0
28 90.0
24 40.0
28 90.0
24 40.0
28 90.0
24 40.0
28 90.0
24 40.0
28 90.0
24 40.0
28 90.0
24 40.0
28 90.0
24 40.0
28 90.0
24 40.0
28 90.0
24 40.0
28 90.0
24 40.0
28 90.0
24 40.0
28 90.0
24 40.0
28 90.0
24 40.0
28 90.0
24 40.0
28 90.0
24 40.0
28 90.0
24 40.0
28 90.0
24 40.0
24 19.0
24 19.0
24 19.0
24 19.0
24 19.0
24 19.0
24 19.0
24 19.0
24 19.0
24 19.0
24 19.0
24 19.0
24 19.0
24 19.0
24 19.0
24 19.0
24 19.0
24 19.0
24 19.0
24 19.0
24 19.0
24 19.0
24 19.0
24 19.0
24 19.0
24 19.0
24 19.0
24 19.0
24 19.0
24 19.0
24 19.0
24 19.0
24 19.0
24 19.0
24 19.0
24 19.0
24 19.0
24 19.0
24 19.0
24 19.0
32 19.0
32 19.0
32 485.0
32 539.0
32 26.0
32 26.0
28 2368.0
28 98.0
28 22.0
28 22.0
28 98.0
24 4.0
20 66.0
20 66.0
20 66.0
20 66.0
20 66.0
20 66.0
20 66.0
20 66.0
20 66.0
20 66.0
20 66.0
20 66.0
20 66.0
20 66.0
20 66.0
20 66.0
20 66.0
20 66.0
20 66.0
20 66.0
20 66.0
20 66.0
20 66.0
20 66.0
20 66.0
20 66.0
20 66.0
20 66.0
20 66.0
20 66.0
20 66.0
20 66.0
20 66.0
20 66.0
20 66.0
20 66.0
20 66.0
20 66.0
20 66.0
20 66.0
20 66.0
20 66.0
20 66.0
20 66.0
20 66.0
20 66.0
20 66.0
20 66.0
20 66.0
20 66.0
20 66.0
20 66.0
20 66.0
20 66.0
20 66.0
20 66.0
20 66.0
20 66.0
20 66.0
20 66.0
20 66.0
20 66.0
20 66.0
20 66.0
20 66.0
20 66.0
20 66.0
20 66.0
20 66.0
20 66.0
20 66.0
20 66.0
20 66.0
20 66.0
20 66.0
20 66.0
20 66.0
20 66.0
20 66.0
20 66.0
20 66.0
32 6.0
32 6.0
32 6.0
32 6.0
32 6.0
32 6.0
32 6.0
32 6.0
32 6.0
32 6.0
32 6.0
32 6.0
32 6.0
32 6.0
32 6.0
32 6.0
32 6.0
32 6.0
32 16.0
32 8.0
32 16.0
32 8.0
32 12.0
32 8.0
32 12.0
32 12.0
32 12.0
32 16.0
32 16.0
32 16.0
32 16.0
32 8.0
28 129.0
28 129.0
28 129.0
28 129.0
28 129.0
32 40.0
32 115.0
32 135.0
32 115.0
32 135.0
32 28.0
32 26.0
32 212.0
28 8.0
28 36.0
32 199.0
32 32.0
28 28.0
28 54.0
28 64.0
28 255.0
28 100.0
28 292.0
28 36.0
32 18.0
32 129.0
28 36.0
32 172.0
28 32.0
32 177.0
32 8.0
32 44.0
32 256.0
24 187.0
28 12.0
32 28.0
32 32.0
32 4.0
16 57.0
16 115.0
16 115.0