810.0543823242188     1386.06396484375      1313.1146240234375    
813.621337890625      1371.5638427734375    1310.6727294921875    
820.9474487304688     1382.6634521484375    1323.455078125        
813.2800903320312     1356.11083984375      1304.5728759765625    
832.5790405273438     1384.665283203125     1338.6978759765625    
833.930419921875      1374.2138671875       1337.01416015625      
802.3434448242188     1328.60791015625      1303.5771484375       
890.4376220703125     1280.9468994140625    1188.947998046875     
894.019775390625      1290.1201171875       1210.693359375        
874.8981323242188     1278.8734130859375    1208.88818359375      
873.5303955078125     1286.646728515625     1228.7083740234375    
858.2305297851562     1277.6363525390625    1227.1961669921875    
857.47802734375       1287.934814453125     1248.149658203125     
843.6190185546875     1279.41748046875      1245.72021484375      
843.920654296875      1284.361328125        1254.1795654296875    
829.613525390625      1271.7044677734375    1245.1522216796875    
822.61083984375       1267.847900390625     1244.8681640625       
830.50537109375       1261.330810546875     1224.09619140625      
820.6328735351562     1255.8236083984375    1223.2708740234375    
831.3533325195312     1253.1068115234375    1204.325927734375     
819.7847290039062     1245.9864501953125    1202.8486328125       
830.6039428710938     1244.4547119140625    1184.6717529296875    
899.918212890625      1302.70703125         1230.9825439453125    
871.3369140625        1296.4521484375       1250.5789794921875    
898.777587890625      1314.533447265625     1255.676025390625     
871.5350341796875     1301.654052734375     1261.330322265625     
898.7584838867188     1319.7203369140625    1268.1436767578125    
871.733154296875      1306.8560791015625    1272.081787109375     
898.7393798828125     1324.9072265625       1280.6112060546875    
805.8116455078125     1237.1812744140625    1200.968994140625     
810.0120849609375     1249.590087890625     1222.1280517578125    
815.6080932617188     1263.991455078125     1244.584228515625     
844.2222290039062     1289.30517578125      1262.6387939453125    
857.7278442382812     1293.0076904296875    1257.7548828125       
979.9348754882812     1381.947998046875     1296.3642578125       
953.3348999023438     1371.1988525390625    1284.6968994140625    
972.3829956054688     1369.7357177734375    1279.039306640625     
953.248779296875      1361.9752197265625    1273.9345703125       
968.6611938476562     1359.0623779296875    1264.374755859375     
953.16259765625       1352.7513427734375    1263.17236328125      
967.1095581054688     1344.264892578125     1241.5657958984375    
953.2128295898438     1336.476318359375     1239.5517578125       
965.1907958984375     1330.3282470703125    1213.51611328125      
953.5202026367188     1325.1767578125       1215.68212890625      
951.4395141601562     1324.9295654296875    1195.5313720703125    
927.8282470703125     1307.1497802734375    1192.4046630859375    
928.7904052734375     1312.5540771484375    1214.1494140625       
910.3793334960938     1295.220458984375     1194.299072265625     
908.76220703125       1299.7059326171875    1212.8763427734375    
894.019775390625      1290.1201171875       1210.693359375        
899.918212890625      1302.70703125         1230.9825439453125    
926.6686401367188     1320.549560546875     1235.6583251953125    
926.1763916015625     1334.9415283203125    1258.673095703125     
926.0771484375        1340.729736328125     1269.6937255859375    
926.5319213867188     1352.431884765625     1279.65087890625      
898.777587890625      1314.533447265625     1255.676025390625     
898.7584838867188     1319.7203369140625    1268.1436767578125    
898.7393798828125     1324.9072265625       1280.6112060546875    
815.6080932617188     1263.991455078125     1244.584228515625     
844.2222290039062     1289.30517578125      1262.6387939453125    
815.213134765625      1294.390869140625     1275.0185546875       
840.8782348632812     1306.1422119140625    1279.179931640625     
844.1285400390625     1331.9217529296875    1300.2939453125       
853.4800415039062     1312.357421875        1281.3070068359375    
859.14111328125       1338.4482421875       1301.207275390625     
871.91162109375       1332.5841064453125    1296.424560546875     
872.7350463867188     1343.490234375        1304.7982177734375    
898.9530029296875     1348.8016357421875    1302.604736328125     
899.0621948242188     1359.8746337890625    1313.328857421875     
899.28662109375       1373.124755859375     1325.43994140625      
869.6639404296875     1379.2774658203125    1333.795654296875     
899.510986328125      1386.3751220703125    1337.551025390625     
875.1394653320312     1405.912841796875     1351.8568115234375    
897.4583129882812     1415.147216796875     1359.5762939453125    
833.930419921875      1374.2138671875       1337.01416015625      
802.3434448242188     1328.60791015625      1303.5771484375       
857.9776611328125     1298.080810546875     1267.3603515625       
870.0261840820312     1320.6561279296875    1285.5284423828125    
898.0531005859375     1335.12255859375      1290.6923828125       
898.7393798828125     1324.9072265625       1280.6112060546875    
871.733154296875      1306.8560791015625    1272.081787109375     
856.4708251953125     1406.42431640625      1351.175048828125     
832.5790405273438     1384.665283203125     1338.6978759765625    
830.8899536132812     1398.0775146484375    1340.802734375        
897.4583129882812     1415.147216796875     1359.5762939453125    
899.510986328125      1386.3751220703125    1337.551025390625     
924.223388671875      1420.034912109375     1371.66064453125      
924.5618896484375     1398.2066650390625    1349.0723876953125    
952.8466796875        1424.4049072265625    1377.113525390625     
958.1408081054688     1410.9322509765625    1355.34033203125      
979.9348754882812     1426.1712646484375    1376.164306640625     
979.9348754882812     1413.936279296875     1349.5643310546875    
979.9348754882812     1405.4522705078125    1335.3082275390625    
956.1690673828125     1401.9488525390625    1340.5894775390625    
979.9348754882812     1398.1063232421875    1322.9642333984375    
953.9850463867188     1391.9976806640625    1324.2496337890625    
979.9348754882812     1388.9857177734375    1307.94970703125      
953.7540283203125     1387.858154296875     1314.34130859375      
953.3348999023438     1380.3477783203125    1296.3642578125       
925.2738037109375     1374.33837890625      1310.466064453125     
926.2057495117188     1368.897216796875     1295.53564453125      
898.9530029296875     1348.8016357421875    1302.604736328125     
898.0531005859375     1335.12255859375      1290.6923828125       
926.5319213867188     1352.431884765625     1279.65087890625      
898.7393798828125     1324.9072265625       1280.6112060546875    
857.9776611328125     1298.080810546875     1267.3603515625       
979.9348754882812     1381.947998046875     1296.3642578125       
953.3348999023438     1371.1988525390625    1284.6968994140625    
976.3678588867188     1342.86865234375      1198.614501953125     
963.1973876953125     1333.1053466796875    1198.2430419921875    
974.80322265625       1338.628662109375     1207.6934814453125    
963.5615844726562     1329.9022216796875    1204.8531494140625    
972.953369140625      1333.7547607421875    1212.0755615234375    
974.19873046875       1348.2381591796875    1242.5933837890625    
978.4518432617188     1358.7884521484375    1258.7271728515625    
953.9583129882812     1328.7083740234375    1190.7198486328125    
874.6014404296875     1270.8936767578125    1189.1888427734375    
859.0341796875        1269.472900390625     1207.3450927734375    
843.9783935546875     1269.12744140625      1225.379638671875     
844.4774780273438     1260.8333740234375    1205.774169921875     
844.0234985351562     1252.7376708984375    1186.6539306640625    
858.5743408203125     1261.2664794921875    1188.00927734375      
899.0621948242188     1359.8746337890625    1313.328857421875     
924.5344848632812     1378.6549072265625    1322.3101806640625    
924.5504760742188     1390.0762939453125    1337.94384765625      
899.28662109375       1373.124755859375     1325.43994140625      
830.8899536132812     1398.0775146484375    1340.802734375        
820.9474487304688     1382.6634521484375    1323.455078125        
832.5790405273438     1384.665283203125     1338.6978759765625    
890.4376220703125     1280.9468994140625    1188.947998046875     
0, 1, 2, 3, 4, 3, 5, 6, 7, 8, 9, 10, 11, 12, 13, 14, 15, 16, 17, 18, 19, 20, 21, 21, 8, 8, 10, 22, 23, 24, 25, 26, 27, 28, 28, 29, 29, 20, 30, 18, 31, 16, 32, 14, 33, 12, 23, 10, 10, 34, 34, 35, 36, 37, 38, 39, 40, 41, 42, 43, 44, 43, 45, 46, 47, 48, 49, 48, 50, 46, 51, 43, 51, 41, 52, 39, 53, 37, 54, 35, 35, 50, 50, 51, 55, 52, 56, 53, 57, 54, 54, 58, 58, 59, 60, 61, 62, 63, 64, 65, 66, 67, 66, 68, 66, 69, 70, 71, 72, 73, 73, 66, 66, 70, 64, 74, 62, 75, 60, 60, 59, 59, 61, 76, 63, 77, 65, 78, 67, 67, 78, 78, 79, 77, 80, 76, 76, 70, 70, 72, 74, 81, 82, 83, 83, 84, 84, 85, 86, 87, 88, 89, 90, 89, 91, 89, 92, 93, 94, 95, 96, 97, 98, 99, 100, 101, 100, 102, 103, 104, 104, 23, 23, 25, 33, 27, 33, 105, 32, 32, 96, 96, 106, 98, 107, 100, 103, 103, 108, 108, 109, 110, 111, 112, 42, 113, 40, 113, 38, 114, 36, 36, 109, 109, 115, 111, 44, 42, 42, 116, 116, 9, 117, 11, 118, 13, 118, 15, 118, 17, 119, 19, 120, 120, 118, 118, 117, 119, 121, 121, 101, 101, 122, 99, 123, 97, 123, 95, 124, 93, 124, 89, 124, 87, 124, 85, 124, 125, 123, 122, 122, 126, 126, 127, 128, 128, 47, 47, 129, 49, 
[0, 1, 2, 3, 4, 3, 5, 6, 7, 8, 9, 10, 11, 12, 13, 14, 15, 16, 17, 18, 19, 20, 21, 21, 8, 8, 10, 22, 23, 24, 25, 26, 27, 28, 28, 29, 29, 20, 30, 18, 31, 16, 32, 14, 33, 12, 23, 10, 10, 34, 34, 35, 36, 37, 38, 39, 40, 41, 42, 43, 44, 43, 45, 46, 47, 48, 49, 48, 50, 46, 51, 43, 51, 41, 52, 39, 53, 37, 54, 35, 35, 50, 50, 51, 55, 52, 56, 53, 57, 54, 54, 58, 58, 59, 60, 61, 62, 63, 64, 65, 66, 67, 66, 68, 66, 69, 70, 71, 72, 73, 73, 66, 66, 70, 64, 74, 62, 75, 60, 60, 59, 59, 61, 76, 63, 77, 65, 78, 67, 67, 78, 78, 79, 77, 80, 76, 76, 70, 70, 72, 74, 81, 82, 83, 83, 84, 84, 85, 86, 87, 88, 89, 90, 89, 91, 89, 92, 93, 94, 95, 96, 97, 98, 99, 100, 101, 100, 102, 103, 104, 104, 23, 23, 25, 33, 27, 33, 105, 32, 32, 96, 96, 106, 98, 107, 100, 103, 103, 108, 108, 109, 110, 111, 112, 42, 113, 40, 113, 38, 114, 36, 36, 109, 109, 115, 111, 44, 42, 42, 116, 116, 9, 117, 11, 118, 13, 118, 15, 118, 17, 119, 19, 120, 120, 118, 118, 117, 119, 121, 121, 101, 101, 122, 99, 123, 97, 123, 95, 124, 93, 124, 89, 124, 87, 124, 85, 124, 125, 123, 122, 122, 126, 126, 127, 128, 128, 47, 47, 129, 49]
