0, 
3332, 
16856, 
42336, 
79884, 
107744, 
109592, 
122276, 
185556, 
256284, 
366996, 
464604, 
513772, 
625996, 
688436, 
693084, 
696304, 
700756, 
796516, 
854840, 
924056, 
983276, 
1043084, 
1066520, 
1078112, 
1081360, 
1082956, 
1085896, 
1086792, 
1121848, 
1178436, 
1225560, 
1294300, 
1332744, 
1336328, 
1337756, 
1339604, 
1340920, 
1355088, 
1384824, 
1419600, 
1429624, 
1434400, 
1436824, 
1522864, 
1523060, 
1523284, 
1542828, 
1562400, 
1562592, 
1562976, 
1568548, 
1569676, 
1570108, 
1574924, 
1577920, 
1578736, 
1579968, 
1580160, 
1580544, 
1584772, 
1585156, 
1585924, 
1590152, 
1590536, 
1591304, 
1595532, 
1595916, 
1596684, 
1598028, 
1604356, 
1606324, 
1607668, 
1613996, 
1615964, 
1617308, 
1623636, 
1625604, 
1626948, 
1633276, 
1635244, 
1639472, 
1640592, 
1641072, 
1642416, 
1648744, 
1650712, 
1651944, 
1652136, 
1652520, 
1656748, 
1657868, 
1658348, 
1659692, 
1666020, 
1667988, 
1672216, 
1673336, 
1673816, 
1678044, 
1679164, 
1679644, 
1683956, 
1684908, 
1691544, 
1692072, 
1692888, 
1695016, 
1695688, 
1696072, 
1700384, 
1701336, 
1705648, 
1706600, 
1710828, 
1711212, 
1711980, 
1713324, 
1719652, 
1721620, 
1727192, 
1728320, 
1728752, 
1738272, 
1738944, 
1742400, 
1746720, 
1747872, 
1752192, 
1753344, 
1757664, 
1758816, 
1763136, 
1764288, 
1768608, 
1769760, 
1774744, 
1775272, 
1775464, 
1780448, 
1780976, 
1781168, 
1786488, 
1791808, 
1797128, 
1802448, 
1804016, 
1805584, 
1807152, 
1811464, 
1814376, 
1817288, 
1820200, 
1823112, 
1826024, 
1828936, 
1831848, 
1834760, 
1837672, 
1840584, 
1843496, 
1846408, 
1849320, 
1851272, 
1854184, 
1857096, 
1860008, 
1862920, 
1865832, 
1868744, 
1871656, 
1874568, 
1877480, 
1880392, 
1883304, 
1886216, 
1889128, 
1892040, 
1894952, 
1897864, 
1900776, 
1903688, 
1906600, 
1909512, 
1912424, 
1915336, 
1918248, 
1920488, 
1923400, 
1926312, 
1929224, 
1932136, 
1935048, 
1937960, 
1940872, 
1943784, 
1949160, 
1954424, 
1959800, 
1970552, 
1975928, 
1981304, 
1986680, 
1992056, 
1996088, 
2001464, 
2010200, 
2020952, 
2031704, 
2037080, 
2047832, 
2053208, 
2063960, 
2074712, 
2085464, 
2101592, 
2106968, 
2112344, 
2122984, 
2133736, 
2155240, 
2165320, 
2176072, 
2181448, 
2186824, 
2190240, 
2190624, 
2194936, 
2195888, 
2197120, 
2201536, 
2202112, 
2203072, 
2207488, 
2208064, 
2209024, 
2213440, 
2214016, 
2214976, 
2219392, 
2219968, 
2220928, 
2225344, 
2225920, 
2226880, 
2231296, 
2231872, 
2232832, 
2237248, 
2237824, 
2238784, 
2243200, 
2243776, 
2244736, 
2249152, 
2249728, 
2250688, 
2255104, 
2255680, 
2256640, 
2261056, 
2261632, 
2262592, 
2267008, 
2267584, 
2268544, 
2272960, 
2273536, 
2274496, 
2278912, 
2279488, 
2280448, 
2284864, 
2285440, 
2286400, 
2290816, 
2291392, 
2292352, 
2296768, 
2297344, 
2298304, 
2302720, 
2303296, 
2304256, 
2308672, 
2309248, 
2310208, 
2314624, 
2315200, 
2316160, 
2320576, 
2321152, 
2322112, 
2449848, 
2452848, 
2454192, 
2458224, 
2460576, 
2461440, 
2464864, 
2467168, 
2468000, 
2530560, 
2530752, 
2531136, 
2531856, 
2532432, 
2535856, 
2538160, 
2538992, 
2601552, 
2601744, 
2602128, 
2602848, 
2603424, 
2607204, 
2612888, 
2628600, 
2632380, 
2638064, 
2653776, 
2655440, 
2657104, 
2668176, 
2673296, 
2674832, 
2675120, 
2675696, 
2676272, 
2676656, 
2677256, 
2678216, 
2679176, 
2680136, 
2702676, 
2742452, 
2747444, 
2749172, 
2749364, 
2782432, 
2782656, 
2783040, 
2783808, 
2811360, 
2835272, 
2842272, 
2843616, 
2843952, 
2846528, 
2847296, 
2853248, 
2855296, 
2859360, 
2860896, 
2863200, 
2864608, 
2866016, 
2869088, 
2880736, 
2892288, 
2895616, 
2908864, 
2910016, 
2910268, 
2923792, 
2923904, 
2946416, 
2947536, 
2947648, 
2948264, 
2950392, 
2950868, 
2951204, 
2958148, 
2988444, 
2997724, 
2998956, 
3004428, 
3020812, 
3023724, 
3025772, 
3028684, 
3030732, 
3033644, 
3035692, 
3036332, 
3036588, 
3037228, 
3037484, 
3038124, 
3038380, 
3039020, 
3039276, 
3079276, 
3098988, 
3099884, 
3100780, 
3101676, 
3102572, 
3103468, 
3104364, 
3105260, 
3106156, 
3107052, 
3107948, 
3108844, 
3109740, 
3110636, 
3111532, 
3112428, 
3113324, 
3113580, 
3114476, 
3115372, 
3116268, 
3117164, 
3118060, 
3118956, 
3119852, 
3120748, 
3121644, 
3122540, 
3123436, 
3124332, 
3125228, 
3126124, 
3126380, 
3126636, 
3126892, 
3127148, 
3127404, 
3127660, 
3127916, 
3128172, 
3128428, 
3128684, 
3129580, 
3130476, 
3131372, 
3132268, 
3133164, 
3134060, 
3134956, 
3135852, 
3136748, 
3137644, 
3138540, 
3138796, 
3139692, 
3140588, 
3141484, 
3142380, 
3142636, 
3142892, 
3143148, 
3143404, 
3144300, 
3145196, 
3146092, 
3146988, 
3147884, 
3148780, 
3149036, 
3149292, 
3149548, 
3149804, 
3150700, 
3151596, 
3152492, 
3153388, 
3154284, 
3155180, 
3157676, 
3158476, 
3158860, 
3159244, 
3159628, 
3160012, 
3160396, 
3160844, 
3161228, 
3161676, 
3162124, 
3162572, 
3162956, 
3163756, 
3166252, 
3167116, 
3167980, 
3168428, 
3168812, 
3169388, 
3169964, 
3188668, 
3189052, 
3207756, 
3208140, 
3226844, 
3227228, 
3245932, 
3246316, 
3265020, 
3265404, 
3284108, 
3284492, 
3303196, 
3303580, 
3322284, 
3322668, 
3341372, 
3341756, 
3360460, 
3360844, 
3379548, 
3379932, 
3398636, 
3399020, 
3417724, 
3418108, 
3436812, 
3437196, 
3455900, 
3456284, 
3474988, 
3475372, 
3494076, 
3494460, 
3513164, 
3513548, 
3532252, 
3532636, 
3551340, 
3551724, 
3570428, 
3570812, 
3589516, 
3589900, 
3608604, 
3608988, 
3627692, 
3628076, 
3646780, 
3647164, 
3665868, 
3666252, 
3684956, 
3685340, 
3687860, 
3689988, 
3690708, 
3691524, 
3692436, 
3693588, 
3694884, 
3695412, 
3695988, 
3698036, 
3700084, 
3702132, 
3702804, 
3707508, 
3711288, 
3712248, 
3714768, 
3715728, 
3718248, 
3719208, 
3721728, 
3722688, 
3725208, 
3726168, 
3728688, 
3729648, 
3732168, 
3733128, 
3735648, 
3736608, 
3739128, 
3740088, 
3742608, 
3743568, 
3746088, 
3747048, 
3749568, 
3750528, 
3753048, 
3754008, 
3756528, 
3757488, 
3760008, 
3760968, 
3763488, 
3764448, 
3766968, 
3767928, 
3770448, 
3771408, 
3771864, 
3772320, 
3772776, 
3773232, 
3773688, 
3774144, 
3774600, 
3775056, 
3775512, 
3775968, 
3776424, 
3776880, 
3777336, 
3777792, 
3778248, 
3778704, 
3779160, 
3779616, 
3780072, 
3780528, 
3780984, 
3781440, 
3781896, 
3782352, 
3782808, 
3783264, 
3783720, 
3784176, 
3784632, 
3785088, 
3785544, 
3786000, 
3786456, 
3786912, 
3787368, 
3787824, 
3788280, 
3788736, 
3789192, 
3789648, 
3790256, 
3790864, 
3806384, 
3823632, 
3824464, 
3825296, 
3891600, 
3894344, 
3894960, 
3895576, 
3898320, 
3898416, 
3899736, 
3901056, 
3902376, 
3903696, 
3905016, 
3906336, 
3907656, 
3908976, 
3910296, 
3911616, 
3912936, 
3914256, 
3915576, 
3916896, 
3918216, 
3919536, 
3920856, 
3922176, 
3923496, 
3924816, 
3926136, 
3927456, 
3928776, 
3930096, 
3931416, 
3932736, 
3934056, 
3935376, 
3936696, 
3938016, 
3939336, 
3940656, 
3941976, 
3943296, 
3944616, 
3945936, 
3947256, 
3948576, 
3949896, 
3951216, 
3952536, 
3953856, 
3955176, 
3956496, 
3957816, 
3959136, 
3960456, 
3961776, 
3963096, 
3964416, 
3965736, 
3967056, 
3968376, 
3969696, 
3971016, 
3972336, 
3973656, 
3974976, 
3976296, 
3977616, 
3978936, 
3980256, 
3981576, 
3982896, 
3984216, 
3985536, 
3986856, 
3988176, 
3989496, 
3990816, 
3992136, 
3993456, 
3994776, 
3996096, 
3997416, 
3998736, 
4000056, 
4001376, 
4002696, 
4004016, 
4005336, 
4005528, 
4005720, 
4005912, 
4006104, 
4006296, 
4006488, 
4006680, 
4006872, 
4007064, 
4007256, 
4007448, 
4007640, 
4007832, 
4008024, 
4008216, 
4008408, 
4008600, 
4008792, 
4009304, 
4009560, 
4010072, 
4010328, 
4010712, 
4010968, 
4011352, 
4011736, 
4012120, 
4012632, 
4013144, 
4013656, 
4014168, 
4014424, 
4018036, 
4021648, 
4025260, 
4028872, 
4032484, 
4033764, 
4037444, 
4041764, 
4045444, 
4049764, 
4050660, 
4051492, 
4058276, 
4058500, 
4059508, 
4065876, 
4066900, 
4067684, 
4069196, 
4070988, 
4078128, 
4080928, 
4089104, 
4090112, 
4090688, 
4094816, 
4095824, 
4101328, 
4102224, 
4107888, 
4108144, 
4109552, 
4117744, 
4122232, 
4122568, 
4123464, 
4124488, 
4124616, 
4125528, 
4127368, 
4129208