28        0
28     3332
28    16856
28    42336
28    79884
28   107744
28   109592
28   122276
28   185556
28   256284
28   366996
28   464604
28   513772
28   625996
28   688436
28   693084
28   696304
28   700756
28   796516
28   854840
28   924056
28   983276
28  1043084
28  1066520
28  1078112
28  1081360
28  1082956
28  1085896
28  1086792
28  1121848
28  1178436
28  1225560
28  1294300
28  1332744
28  1336328
28  1337756
28  1339604
28  1340920
28  1355088
28  1384824
28  1419600
24  1429624
24  1434400
24  1436824
28  1522864
28  1523060
28  1523284
28  1542828
24  1562400
24  1562592
28  1562976
24  1568548
24  1569676
28  1570108
28  1574924
24  1577920
28  1578736
24  1579968
24  1580160
28  1580544
24  1584772
24  1585156
28  1585924
24  1590152
24  1590536
28  1591304
24  1595532
24  1595916
24  1596684
28  1598028
24  1604356
24  1606324
28  1607668
24  1613996
24  1615964
28  1617308
24  1623636
24  1625604
28  1626948
24  1633276
28  1635244
28  1639472
24  1640592
24  1641072
28  1642416
24  1648744
28  1650712
24  1651944
24  1652136
28  1652520
28  1656748
24  1657868
24  1658348
28  1659692
24  1666020
28  1667988
28  1672216
24  1673336
28  1673816
28  1678044
24  1679164
28  1679644
28  1683956
28  1684908
24  1691544
24  1692072
28  1692888
28  1695016
24  1695688
28  1696072
28  1700384
28  1701336
28  1705648
28  1706600
24  1710828
24  1711212
24  1711980
28  1713324
24  1719652
28  1721620
24  1727192
24  1728320
28  1728752
24  1738272
24  1738944
32  1742400
24  1746720
32  1747872
24  1752192
32  1753344
24  1757664
32  1758816
24  1763136
32  1764288
24  1768608
28  1769760
24  1774744
24  1775272
28  1775464
24  1780448
24  1780976
28  1781168
28  1786488
28  1791808
28  1797128
28  1802448
28  1804016
28  1805584
28  1807152
32  1811464
32  1814376
32  1817288
32  1820200
32  1823112
32  1826024
32  1828936
32  1831848
32  1834760
32  1837672
32  1840584
32  1843496
32  1846408
32  1849320
32  1851272
32  1854184
32  1857096
32  1860008
32  1862920
32  1865832
32  1868744
32  1871656
32  1874568
32  1877480
32  1880392
32  1883304
32  1886216
32  1889128
32  1892040
32  1894952
32  1897864
32  1900776
32  1903688
32  1906600
32  1909512
32  1912424
32  1915336
32  1918248
32  1920488
32  1923400
32  1926312
32  1929224
32  1932136
32  1935048
32  1937960
32  1940872
28  1943784
28  1949160
28  1954424
28  1959800
28  1970552
28  1975928
28  1981304
28  1986680
28  1992056
28  1996088
28  2001464
28  2010200
28  2020952
28  2031704
28  2037080
28  2047832
28  2053208
28  2063960
28  2074712
28  2085464
28  2101592
28  2106968
28  2112344
28  2122984
28  2133736
28  2155240
28  2165320
28  2176072
28  2181448
28  2186824
24  2190240
28  2190624
28  2194936
28  2195888
32  2197120
24  2201536
24  2202112
32  2203072
24  2207488
24  2208064
32  2209024
24  2213440
24  2214016
32  2214976
24  2219392
24  2219968
32  2220928
24  2225344
24  2225920
32  2226880
24  2231296
24  2231872
32  2232832
24  2237248
24  2237824
32  2238784
24  2243200
24  2243776
32  2244736
24  2249152
24  2249728
32  2250688
24  2255104
24  2255680
32  2256640
24  2261056
24  2261632
32  2262592
24  2267008
24  2267584
32  2268544
24  2272960
24  2273536
32  2274496
24  2278912
24  2279488
32  2280448
24  2284864
24  2285440
32  2286400
24  2290816
24  2291392
32  2292352
24  2296768
24  2297344
32  2298304
24  2302720
24  2303296
32  2304256
24  2308672
24  2309248
32  2310208
24  2314624
24  2315200
32  2316160
24  2320576
24  2321152
28  2322112
24  2449848
24  2452848
24  2454192
28  2458224
32  2460576
32  2461440
32  2464864
32  2467168
32  2468000
32  2530560
24  2530752
24  2531136
24  2531856
32  2532432
32  2535856
32  2538160
32  2538992
32  2601552
24  2601744
24  2602128
24  2602848
28  2603424
28  2607204
32  2612888
28  2628600
28  2632380
32  2638064
32  2653776
32  2655440
32  2657104
32  2668176
24  2673296
24  2674832
24  2675120
24  2675696
24  2676272
24  2676656
24  2677256
24  2678216
24  2679176
28  2680136
32  2702676
32  2742452
32  2747444
24  2749172
28  2749364
28  2782432
24  2782656
24  2783040
28  2783808
28  2811360
28  2835272
28  2842272
28  2843616
28  2843952
24  2846528
32  2847296
32  2853248
32  2855296
32  2859360
32  2860896
32  2863200
32  2864608
32  2866016
32  2869088
32  2880736
32  2892288
32  2895616
32  2908864
28  2910016
28  2910268
28  2923792
28  2923904
28  2946416
28  2947536
28  2947648
28  2948264
28  2950392
28  2950868
28  2951204
28  2958148
32  2988444
28  2997724
32  2998956
32  3004428
32  3020812
32  3023724
32  3025772
32  3028684
32  3030732
32  3033644
32  3035692
32  3036332
32  3036588
32  3037228
32  3037484
32  3038124
32  3038380
32  3039020
32  3039276
32  3079276
32  3098988
32  3099884
32  3100780
32  3101676
32  3102572
32  3103468
32  3104364
32  3105260
32  3106156
32  3107052
32  3107948
32  3108844
32  3109740
32  3110636
32  3111532
32  3112428
32  3113324
32  3113580
32  3114476
32  3115372
32  3116268
32  3117164
32  3118060
32  3118956
32  3119852
32  3120748
32  3121644
32  3122540
32  3123436
32  3124332
32  3125228
32  3126124
32  3126380
32  3126636
32  3126892
32  3127148
32  3127404
32  3127660
32  3127916
32  3128172
32  3128428
32  3128684
32  3129580
32  3130476
32  3131372
32  3132268
32  3133164
32  3134060
32  3134956
32  3135852
32  3136748
32  3137644
32  3138540
32  3138796
32  3139692
32  3140588
32  3141484
32  3142380
32  3142636
32  3142892
32  3143148
32  3143404
32  3144300
32  3145196
32  3146092
32  3146988
32  3147884
32  3148780
32  3149036
32  3149292
32  3149548
32  3149804
32  3150700
32  3151596
32  3152492
32  3153388
32  3154284
32  3155180
32  3157676
32  3158476
32  3158860
32  3159244
32  3159628
32  3160012
32  3160396
32  3160844
32  3161228
32  3161676
32  3162124
32  3162572
32  3162956
32  3163756
32  3166252
32  3167116
32  3167980
32  3168428
32  3168812
32  3169388
28  3169964
24  3188668
28  3189052
24  3207756
28  3208140
24  3226844
28  3227228
24  3245932
28  3246316
24  3265020
28  3265404
24  3284108
28  3284492
24  3303196
28  3303580
24  3322284
28  3322668
24  3341372
28  3341756
24  3360460
28  3360844
24  3379548
28  3379932
24  3398636
28  3399020
24  3417724
28  3418108
24  3436812
28  3437196
24  3455900
28  3456284
24  3474988
28  3475372
24  3494076
28  3494460
24  3513164
28  3513548
24  3532252
28  3532636
24  3551340
28  3551724
24  3570428
28  3570812
24  3589516
28  3589900
24  3608604
28  3608988
24  3627692
28  3628076
24  3646780
28  3647164
24  3665868
28  3666252
24  3684956
28  3685340
28  3687860
24  3689988
24  3690708
24  3691524
24  3692436
24  3693588
24  3694884
24  3695412
32  3695988
32  3698036
32  3700084
28  3702132
28  3702804
28  3707508
24  3711288
28  3712248
24  3714768
28  3715728
24  3718248
28  3719208
24  3721728
28  3722688
24  3725208
28  3726168
24  3728688
28  3729648
24  3732168
28  3733128
24  3735648
28  3736608
24  3739128
28  3740088
24  3742608
28  3743568
24  3746088
28  3747048
24  3749568
28  3750528
24  3753048
28  3754008
24  3756528
28  3757488
24  3760008
28  3760968
24  3763488
28  3764448
24  3766968
28  3767928
24  3770448
24  3771408
24  3771864
24  3772320
24  3772776
24  3773232
24  3773688
24  3774144
24  3774600
24  3775056
24  3775512
24  3775968
24  3776424
24  3776880
24  3777336
24  3777792
24  3778248
24  3778704
24  3779160
24  3779616
24  3780072
24  3780528
24  3780984
24  3781440
24  3781896
24  3782352
24  3782808
24  3783264
24  3783720
24  3784176
24  3784632
24  3785088
24  3785544
24  3786000
24  3786456
24  3786912
24  3787368
24  3787824
24  3788280
24  3788736
24  3789192
32  3789648
32  3790256
32  3790864
32  3806384
32  3823632
32  3824464
28  3825296
28  3891600
28  3894344
28  3894960
28  3895576
24  3898320
20  3898416
20  3899736
20  3901056
20  3902376
20  3903696
20  3905016
20  3906336
20  3907656
20  3908976
20  3910296
20  3911616
20  3912936
20  3914256
20  3915576
20  3916896
20  3918216
20  3919536
20  3920856
20  3922176
20  3923496
20  3924816
20  3926136
20  3927456
20  3928776
20  3930096
20  3931416
20  3932736
20  3934056
20  3935376
20  3936696
20  3938016
20  3939336
20  3940656
20  3941976
20  3943296
20  3944616
20  3945936
20  3947256
20  3948576
20  3949896
20  3951216
20  3952536
20  3953856
20  3955176
20  3956496
20  3957816
20  3959136
20  3960456
20  3961776
20  3963096
20  3964416
20  3965736
20  3967056
20  3968376
20  3969696
20  3971016
20  3972336
20  3973656
20  3974976
20  3976296
20  3977616
20  3978936
20  3980256
20  3981576
20  3982896
20  3984216
20  3985536
20  3986856
20  3988176
20  3989496
20  3990816
20  3992136
20  3993456
20  3994776
20  3996096
20  3997416
20  3998736
20  4000056
20  4001376
20  4002696
20  4004016
32  4005336
32  4005528
32  4005720
32  4005912
32  4006104
32  4006296
32  4006488
32  4006680
32  4006872
32  4007064
32  4007256
32  4007448
32  4007640
32  4007832
32  4008024
32  4008216
32  4008408
32  4008600
32  4008792
32  4009304
32  4009560
32  4010072
32  4010328
32  4010712
32  4010968
32  4011352
32  4011736
32  4012120
32  4012632
32  4013144
32  4013656
32  4014168
28  4014424
28  4018036
28  4021648
28  4025260
28  4028872
32  4032484
32  4033764
32  4037444
32  4041764
32  4045444
32  4049764
32  4050660
32  4051492
28  4058276
28  4058500
32  4059508
32  4065876
28  4066900
28  4067684
28  4069196
28  4070988
28  4078128
28  4080928
28  4089104
32  4090112
32  4090688
28  4094816
32  4095824
28  4101328
32  4102224
32  4107888
32  4108144
32  4109552
24  4117744
28  4122232
32  4122568
32  4123464
32  4124488
16  4124616
16  4125528
16  4127368
16  4129208